  1  2 42
  1  3 15
  1  4 82
  1  5 86
  1  6 43
  1  7 50
  1  8 10
  1  9 40
  1 11 76
  1 12 44
  1 13 34
  1 14 52
  1 16 27
  1 17 46
  1 18 19
  1 20 21
  1 22 65
  1 23 73
  1 24 26
  1 25 66
  1 28 53
  1 29 95
  1 30 35
  1 31 62
  1 32 61
  1 33 92
  1 36 72
  1 37 93
  1 38 89
  1 39 85
  1 41 60
  1 45 77
  1 47 81
  1 48 78
  1 49 70
  1 51 83
  1 54 55
  1 56 57
  1 58 59
  1 63 68
  1 64 69
  1 67 79
  1 71 90
  1 74 75
  1 80 87
  1 84 88
  1 91 94
  2  3 61
  2  4  6
  2  5 41
  2  7 33
  2  8 57
  2  9 49
  2 10 46
  2 11 69
  2 12 34
  2 13 74
  2 14 39
  2 15 20
  2 16 44
  2 17 40
  2 18 94
  2 19 50
  2 21 23
  2 22 75
  2 24 77
  2 25 67
  2 26 55
  2 27 35
  2 28 31
  2 29 60
  2 30 37
  2 32 51
  2 36 62
  2 38 87
  2 43 59
  2 45 48
  2 47 73
  2 52 54
  2 53 56
  2 58 64
  2 63 71
  2 65 88
  2 66 90
  2 68 70
  2 72 79
  2 76 78
  2 80 82
  2 81 83
  2 84 86
  2 85 95
  2 89 92
  2 91 93
  3  4 68
  3  5 77
  3  6 37
  3  7 52
  3  8 25
  3  9 14
  3 10 32
  3 11 50
  3 12 84
  3 13 26
  3 16 83
  3 17 18
  3 19 28
  3 20 60
  3 21 89
  3 22 91
  3 23 56
  3 24 80
  3 27 93
  3 29 58
  3 30 42
  3 31 87
  3 33 88
  3 34 71
  3 35 74
  3 36 39
  3 38 70
  3 40 46
  3 41 92
  3 43 82
  3 44 64
  3 45 69
  3 47 94
  3 48 51
  3 49 86
  3 53 54
  3 55 63
  3 57 79
  3 59 65
  3 62 66
  3 67 72
  3 73 95
  3 75 78
  3 76 85
  3 81 90
  4  5 34
  4  7 93
  4  8 18
  4  9 17
  4 10 31
  4 11 51
  4 12 79
  4 13 54
  4 14 58
  4 15 84
  4 16 37
  4 19 23
  4 20 59
  4 21 57
  4 22 38
  4 24 28
  4 25 72
  4 26 30
  4 27 46
  4 29 44
  4 32 47
  4 33 65
  4 35 61
  4 36 55
  4 39 40
  4 41 50
  4 42 43
  4 45 81
  4 48 77
  4 49 53
  4 52 95
  4 56 89
  4 60 87
  4 62 64
  4 63 70
  4 66 71
  4 67 69
  4 73 90
  4 74 78
  4 75 94
  4 76 86
  4 80 85
  4 83 91
  4 88 92
  5  6 15
  5  7 90
  5  8 95
  5  9 22
  5 10 58
  5 11 27
  5 12 39
  5 13 89
  5 14 50
  5 16 54
  5 17 21
  5 18 23
  5 19 88
  5 20 49
  5 24 94
  5 25 59
  5 26 31
  5 28 81
  5 29 84
  5 30 45
  5 32 72
  5 33 74
  5 35 38
  5 36 92
  5 37 83
  5 40 91
  5 42 63
  5 43 51
  5 44 75
  5 46 60
  5 47 66
  5 48 53
  5 52 80
  5 55 62
  5 56 61
  5 57 78
  5 64 71
  5 65 68
  5 67 70
  5 69 79
  5 73 76
  5 82 93
  5 85 87
  6  7 82
  6  8 47
  6  9 57
  6 10 12
  6 11 14
  6 13 56
  6 16 67
  6 17 22
  6 18 84
  6 19 90
  6 20 40
  6 21 55
  6 23 83
  6 24 30
  6 25 31
  6 26 86
  6 27 92
  6 28 69
  6 29 66
  6 32 38
  6 33 50
  6 34 91
  6 35 85
  6 36 93
  6 39 73
  6 41 89
  6 42 94
  6 44 68
  6 45 72
  6 46 62
  6 48 54
  6 49 59
  6 51 75
  6 52 77
  6 53 87
  6 58 78
  6 60 81
  6 61 76
  6 63 95
  6 64 79
  6 65 71
  6 70 80
  6 74 88
  7  8 17
  7  9 78
  7 10 26
  7 11 61
  7 12 38
  7 13 73
  7 14 95
  7 15 64
  7 16 23
  7 18 27
  7 19 30
  7 20 36
  7 21 41
  7 22 46
  7 24 58
  7 25 42
  7 28 76
  7 29 67
  7 31 48
  7 32 88
  7 34 74
  7 35 45
  7 37 57
  7 39 65
  7 40 72
  7 43 92
  7 44 87
  7 47 71
  7 49 55
  7 51 79
  7 53 77
  7 54 86
  7 56 91
  7 59 60
  7 62 68
  7 63 75
  7 66 69
  7 70 81
  7 80 84
  7 83 85
  7 89 94
  8  9 41
  8 11 90
  8 12 76
  8 13 82
  8 14 21
  8 15 50
  8 16 86
  8 19 80
  8 20 48
  8 22 37
  8 23 61
  8 24 38
  8 26 87
  8 27 45
  8 28 91
  8 29 92
  8 30 55
  8 31 77
  8 32 53
  8 33 68
  8 34 59
  8 35 88
  8 36 44
  8 39 63
  8 40 75
  8 42 69
  8 43 78
  8 46 66
  8 49 51
  8 52 70
  8 54 62
  8 56 94
  8 58 71
  8 60 67
  8 64 72
  8 65 73
  8 74 85
  8 79 84
  8 81 89
  8 83 93
  9 10 45
  9 11 60
  9 12 92
  9 13 39
  9 15 37
  9 16 47
  9 18 20
  9 19 85
  9 21 77
  9 23 46
  9 24 59
  9 25 70
  9 26 74
  9 27 30
  9 28 54
  9 29 75
  9 31 44
  9 32 58
  9 33 67
  9 34 43
  9 35 42
  9 36 65
  9 38 69
  9 48 76
  9 50 56
  9 51 63
  9 52 87
  9 53 82
  9 55 91
  9 61 94
  9 62 83
  9 64 73
  9 66 79
  9 68 84
  9 71 93
  9 72 90
  9 80 89
  9 81 88
  9 86 95
 10 11 33
 10 13 43
 10 14 20
 10 15 51
 10 16 48
 10 17 29
 10 18 95
 10 19 27
 10 21 88
 10 22 30
 10 23 55
 10 24 41
 10 25 91
 10 28 82
 10 34 47
 10 35 68
 10 36 60
 10 37 85
 10 38 44
 10 39 50
 10 40 65
 10 42 54
 10 49 56
 10 52 75
 10 53 66
 10 57 93
 10 59 64
 10 61 80
 10 62 74
 10 63 77
 10 67 90
 10 69 92
 10 70 76
 10 71 79
 10 72 73
 10 78 84
 10 81 86
 10 83 94
 10 87 89
 11 12 72
 11 13 44
 11 15 57
 11 16 63
 11 17 26
 11 18 85
 11 19 41
 11 20 31
 11 21 64
 11 22 29
 11 23 59
 11 24 47
 11 25 30
 11 28 89
 11 32 55
 11 34 46
 11 35 78
 11 36 71
 11 37 81
 11 38 45
 11 39 88
 11 40 73
 11 42 83
 11 43 75
 11 48 52
 11 49 94
 11 53 74
 11 54 87
 11 56 93
 11 58 92
 11 62 65
 11 66 86
 11 67 95
 11 68 79
 11 70 77
 11 80 91
 11 82 84
 12 13 27
 12 14 69
 12 15 18
 12 16 66
 12 17 63
 12 18 86
 12 18 88
 12 19 20
 12 21 32
 12 22 73
 12 23 41
 12 24 93
 12 25 43
 12 26 46
 12 28 56
 12 29 74
 12 30 50
 12 31 94
 12 33 83
 12 35 47
 12 36 57
 12 37 53
 12 40 80
 12 42 81
 12 45 70
 12 48 75
 12 49 91
 12 51 52
 12 54 67
 12 55 59
 12 58 62
 12 60 89
 12 61 71
 12 64 77
 12 65 85
 12 68 87
 12 78 82
 12 90 95
 13 14 65
 13 15 19
 13 16 94
 13 17 25
 13 18 77
 13 20 28
 13 21 60
 13 22 45
 13 23 75
 13 24 88
 13 29 59
 13 30 87
 13 31 61
 13 32 79
 13 33 84
 13 35 70
 13 36 47
 13 37 40
 13 38 66
 13 41 72
 13 42 86
 13 46 90
 13 48 81
 13 49 95
 13 50 69
 13 51 64
 13 52 57
 13 53 85
 13 55 78
 13 58 76
 13 62 67
 13 63 91
 13 68 83
 13 71 92
 13 80 93
 14 15 49
 14 16 87
 14 17 42
 14 18 45
 14 19 62
 14 22 94
 14 23 47
 14 24 89
 14 25 92
 14 26 28
 14 27 75
 14 29 70
 14 30 61
 14 31 56
 14 32 34
 14 33 71
 14 35 41
 14 36 78
 14 37 54
 14 38 79
 14 40 86
 14 43 88
 14 44 82
 14 46 74
 14 48 63
 14 51 80
 14 53 68
 14 55 93
 14 57 72
 14 59 83
 14 60 73
 14 64 81
 14 66 76
 14 67 77
 14 84 91
 14 85 90
 15 16 42
 15 17 30
 15 21 75
 15 22 52
 15 23 24
 15 25 68
 15 26 79
 15 27 39
 15 28 87
 15 29 54
 15 31 86
 15 32 56
 15 33 43
 15 34 53
 15 35 44
 15 36 85
 15 38 41
 15 40 70
 15 45 83
 15 46 63
 15 47 88
 15 48 55
 15 58 93
 15 59 73
 15 60 69
 15 61 90
 15 62 76
 15 65 78
 15 66 77
 15 67 74
 15 71 94
 15 72 92
 15 80 95
 15 81 91
 15 82 89
 16 17 33
 16 18 78
 16 19 75
 16 20 58
 16 21 71
 16 22 32
 16 24 79
 16 25 49
 16 26 84
 16 28 70
 16 29 57
 16 30 62
 16 31 95
 16 34 61
 16 35 77
 16 36 52
 16 38 68
 16 39 76
 16 40 53
 16 41 43
 16 45 51
 16 46 50
 16 55 88
 16 56 69
 16 59 92
 16 60 91
 16 64 85
 16 65 81
 16 72 80
 16 73 82
 16 74 90
 16 89 93
 17 19 93
 17 20 35
 17 23 82
 17 24 43
 17 27 77
 17 28 48
 17 31 39
 17 32 76
 17 34 51
 17 36 66
 17 37 41
 17 38 91
 17 44 47
 17 45 89
 17 49 81
 17 50 92
 17 52 78
 17 53 65
 17 54 80
 17 55 56
 17 57 71
 17 58 90
 17 59 79
 17 60 75
 17 61 86
 17 62 94
 17 64 95
 17 67 87
 17 68 85
 17 69 74
 17 70 84
 17 72 83
 17 73 88
 18 21 91
 18 22 59
 18 24 90
 18 25 46
 18 26 68
 18 28 71
 18 29 65
 18 30 73
 18 31 33
 18 32 62
 18 34 48
 18 35 75
 18 36 56
 18 37 51
 18 38 82
 18 39 47
 18 40 60
 18 41 58
 18 42 67
 18 43 66
 18 44 63
 18 49 80
 18 50 81
 18 52 55
 18 53 70
 18 54 83
 18 57 61
 18 64 89
 18 69 87
 18 72 74
 18 76 92
 18 79 93
 19 21 94
 19 22 83
 19 24 34
 19 25 74
 19 26 66
 19 29 63
 19 31 53
 19 32 67
 19 33 64
 19 35 72
 19 36 45
 19 37 60
 19 38 46
 19 39 71
 19 40 59
 19 42 61
 19 43 79
 19 44 81
 19 47 48
 19 49 77
 19 51 55
 19 52 89
 19 54 56
 19 57 76
 19 58 84
 19 65 82
 19 68 86
 19 69 73
 19 70 78
 19 87 91
 19 92 95
 20 22 55
 20 23 79
 20 24 91
 20 25 54
 20 26 52
 20 27 85
 20 29 93
 20 30 68
 20 32 66
 20 33 53
 20 34 67
 20 37 92
 20 38 50
 20 39 78
 20 41 62
 20 42 44
 20 43 72
 20 45 57
 20 46 56
 20 47 69
 20 51 74
 20 61 87
 20 63 82
 20 64 90
 20 65 70
 20 71 73
 20 75 80
 20 76 81
 20 77 84
 20 83 89
 20 86 88
 20 94 95
 21 22 40
 21 24 29
 21 25 84
 21 26 33
 21 27 56
 21 28 49
 21 30 74
 21 31 46
 21 34 81
 21 35 59
 21 36 83
 21 37 45
 21 38 51
 21 39 58
 21 42 66
 21 43 80
 21 44 50
 21 47 87
 21 48 65
 21 52 72
 21 53 69
 21 54 93
 21 61 68
 21 62 82
 21 63 78
 21 67 86
 21 70 90
 21 73 92
 21 76 95
 21 79 85
 22 23 26
 22 24 72
 22 25 62
 22 27 90
 22 28 51
 22 31 36
 22 33 80
 22 34 57
 22 35 53
 22 39 54
 22 41 63
 22 42 49
 22 43 64
 22 44 58
 22 47 92
 22 48 61
 22 50 76
 22 56 82
 22 60 84
 22 66 81
 22 67 85
 22 68 71
 22 69 93
 22 70 95
 22 74 79
 22 77 86
 22 78 89
 22 87 88
 23 25 86
 23 27 31
 23 28 92
 23 29 35
 23 30 51
 23 32 60
 23 33 52
 23 34 49
 23 36 63
 23 37 64
 23 38 72
 23 39 48
 23 40 87
 23 42 77
 23 43 76
 23 44 90
 23 45 58
 23 50 74
 23 53 89
 23 54 91
 23 57 68
 23 62 85
 23 65 66
 23 67 88
 23 69 78
 23 70 94
 23 71 80
 23 81 95
 23 84 93
 24 25 37
 24 27 69
 24 31 64
 24 32 52
 24 33 57
 24 35 95
 24 36 68
 24 39 60
 24 40 55
 24 42 62
 24 44 46
 24 45 53
 24 48 85
 24 49 50
 24 51 54
 24 56 70
 24 61 92
 24 63 66
 24 65 84
 24 67 71
 24 73 81
 24 74 82
 24 75 83
 24 76 87
 24 78 86
 25 26 32
 25 27 36
 25 28 65
 25 29 89
 25 33 44
 25 34 55
 25 35 82
 25 38 63
 25 39 90
 25 40 56
 25 41 64
 25 45 80
 25 47 52
 25 48 60
 25 50 53
 25 51 73
 25 57 77
 25 58 94
 25 61 88
 25 69 85
 25 71 78
 25 75 95
 25 76 93
 25 79 81
 25 83 87
 26 27 47
 26 29 71
 26 34 90
 26 35 57
 26 36 70
 26 37 63
 26 38 75
 26 39 72
 26 40 50
 26 41 82
 26 42 64
 26 43 81
 26 44 56
 26 45 67
 26 48 89
 26 49 85
 26 51 88
 26 53 94
 26 54 92
 26 58 60
 26 59 78
 26 61 91
 26 62 93
 26 65 83
 26 69 95
 26 73 77
 26 76 80
 27 28 61
 27 29 91
 27 32 81
 27 33 48
 27 34 72
 27 37 71
 27 38 94
 27 40 51
 27 41 44
 27 42 73
 27 43 86
 27 49 87
 27 50 89
 27 52 68
 27 53 78
 27 54 82
 27 55 57
 27 58 70
 27 59 80
 27 60 95
 27 62 63
 27 64 88
 27 65 79
 27 66 83
 27 67 76
 27 74 84
 28 29 64
 28 30 46
 28 32 42
 28 33 34
 28 35 93
 28 36 90
 28 37 86
 28 38 58
 28 39 59
 28 40 94
 28 41 67
 28 43 95
 28 44 73
 28 45 66
 28 47 55
 28 50 80
 28 52 84
 28 57 85
 28 60 72
 28 62 88
 28 63 74
 28 68 78
 28 75 79
 28 77 83
 29 30 76
 29 31 38
 29 32 41
 29 33 40
 29 34 86
 29 36 42
 29 37 39
 29 43 56
 29 45 94
 29 46 61
 29 47 68
 29 48 62
 29 49 72
 29 50 73
 29 51 87
 29 52 90
 29 53 55
 29 69 88
 29 77 80
 29 78 83
 29 79 82
 29 81 85
 30 31 58
 30 32 65
 30 33 60
 30 34 41
 30 36 38
 30 39 83
 30 40 54
 30 43 85
 30 44 77
 30 47 49
 30 48 91
 30 52 79
 30 53 81
 30 56 66
 30 57 69
 30 59 72
 30 63 89
 30 64 94
 30 67 82
 30 70 88
 30 71 84
 30 75 93
 30 78 95
 30 80 86
 30 90 92
 31 32 40
 31 34 85
 31 35 60
 31 37 50
 31 41 84
 31 42 75
 31 43 89
 31 45 59
 31 47 74
 31 49 79
 31 51 90
 31 52 63
 31 54 69
 31 55 72
 31 57 65
 31 66 93
 31 67 92
 31 68 91
 31 70 73
 31 71 82
 31 76 83
 31 78 81
 31 80 88
 32 33 89
 32 35 87
 32 36 91
 32 37 78
 32 39 80
 32 43 68
 32 44 86
 32 45 63
 32 46 57
 32 48 70
 32 49 75
 32 50 84
 32 54 71
 32 59 69
 32 64 93
 32 73 85
 32 74 94
 32 77 90
 32 82 95
 32 83 92
 33 35 54
 33 36 95
 33 37 61
 33 38 86
 33 39 94
 33 41 45
 33 42 70
 33 46 59
 33 47 76
 33 49 78
 33 51 85
 33 55 82
 33 56 63
 33 58 66
 33 62 79
 33 69 75
 33 72 91
 33 73 93
 33 77 81
 33 87 90
 34 35 37
 34 36 64
 34 38 76
 34 39 68
 34 40 58
 34 42 84
 34 44 70
 34 45 93
 34 50 77
 34 52 88
 34 54 79
 34 56 78
 34 60 94
 34 62 95
 34 63 73
 34 65 92
 34 66 89
 34 69 80
 34 75 87
 34 82 83
 35 36 89
 35 39 69
 35 40 66
 35 43 71
 35 46 52
 35 48 64
 35 49 58
 35 50 91
 35 51 81
 35 55 90
 35 56 76
 35 62 73
 35 63 84
 35 65 67
 35 79 83
 35 80 92
 35 86 94
 36 37 67
 36 40 76
 36 41 94
 36 43 49
 36 46 80
 36 48 87
 36 50 59
 36 51 84
 36 53 73
 36 54 61
 36 58 79
 36 69 77
 36 74 86
 36 75 88
 36 81 82
 37 38 80
 37 42 72
 37 43 73
 37 44 52
 37 46 65
 37 47 89
 37 48 59
 37 49 66
 37 55 76
 37 56 90
 37 58 74
 37 62 70
 37 68 94
 37 69 84
 37 75 77
 37 79 87
 37 82 91
 37 88 95
 38 39 67
 38 40 88
 38 42 55
 38 43 74
 38 47 53
 38 48 92
 38 49 62
 38 52 60
 38 54 73
 38 56 85
 38 57 64
 38 59 61
 38 65 95
 38 71 77
 38 78 90
 38 81 93
 38 83 84
 39 41 52
 39 42 92
 39 43 70
 39 44 61
 39 45 86
 39 46 77
 39 49 57
 39 51 66
 39 53 79
 39 55 84
 39 56 81
 39 62 89
 39 64 75
 39 74 91
 39 82 87
 39 93 95
 40 41 78
 40 42 93
 40 43 52
 40 44 49
 40 45 61
 40 47 67
 40 48 69
 40 57 83
 40 62 81
 40 63 85
 40 64 84
 40 68 89
 40 71 95
 40 74 92
 40 77 82
 40 79 90
 41 42 76
 41 46 85
 41 47 91
 41 48 71
 41 49 54
 41 51 65
 41 53 75
 41 55 73
 41 56 68
 41 57 87
 41 59 74
 41 61 70
 41 66 95
 41 69 81
 41 77 88
 41 79 80
 41 83 86
 41 90 93
 42 45 82
 42 46 88
 42 47 56
 42 48 90
 42 50 71
 42 51 60
 42 52 53
 42 57 59
 42 58 80
 42 65 89
 42 68 74
 42 78 87
 42 79 95
 42 85 91
 43 44 57
 43 45 87
 43 46 91
 43 47 83
 43 48 67
 43 50 65
 43 53 60
 43 54 90
 43 55 69
 43 58 61
 43 62 84
 43 63 94
 43 77 93
 44 45 79
 44 48 72
 44 51 92
 44 53 88
 44 54 78
 44 55 83
 44 59 89
 44 60 85
 44 62 80
 44 65 93
 44 66 91
 44 67 94
 44 69 71
 44 74 95
 44 76 84
 45 46 68
 45 47 78
 45 49 84
 45 50 52
 45 54 88
 45 55 60
 45 56 95
 45 62 92
 45 64 76
 45 65 74
 45 71 85
 45 73 91
 45 75 90
 46 47 70
 46 48 49
 46 51 71
 46 53 92
 46 54 76
 46 55 67
 46 58 82
 46 64 87
 46 69 94
 46 72 95
 46 73 83
 46 75 86
 46 78 93
 46 79 89
 46 81 84
 47 50 93
 47 51 86
 47 54 57
 47 58 63
 47 59 62
 47 60 65
 47 61 64
 47 72 82
 47 75 85
 47 77 79
 47 80 90
 47 84 95
 48 50 86
 48 56 88
 48 57 58
 48 66 84
 48 68 80
 48 73 79
 48 74 93
 48 82 94
 48 83 95
 49 52 93
 49 60 76
 49 61 82
 49 63 92
 49 64 65
 49 67 83
 49 68 73
 49 69 90
 49 71 74
 49 88 89
 50 51 94
 50 54 66
 50 55 70
 50 57 75
 50 58 85
 50 60 68
 50 61 95
 50 62 72
 50 63 87
 50 64 82
 50 67 78
 50 79 88
 50 83 90
 51 53 76
 51 56 58
 51 57 95
 51 59 91
 51 61 77
 51 62 78
 51 67 89
 51 68 93
 51 69 82
 51 70 72
 52 56 73
 52 58 69
 52 59 85
 52 61 65
 52 62 86
 52 64 91
 52 66 74
 52 67 81
 52 71 83
 52 76 82
 52 92 94
 53 57 86
 53 58 72
 53 59 93
 53 61 84
 53 62 71
 53 63 90
 53 64 83
 53 67 80
 53 91 95
 54 58 68
 54 59 95
 54 60 63
 54 64 70
 54 65 77
 54 72 89
 54 74 81
 54 75 84
 54 85 94
 55 58 65
 55 61 74
 55 64 68
 55 66 80
 55 71 75
 55 77 85
 55 79 92
 55 81 94
 55 86 87
 55 89 95
 56 59 77
 56 60 62
 56 64 67
 56 65 75
 56 71 72
 56 74 87
 56 79 86
 56 80 83
 56 84 92
 57 60 82
 57 62 90
 57 63 88
 57 66 94
 57 67 73
 57 70 74
 57 80 81
 57 84 89
 57 91 92
 58 67 91
 58 73 86
 58 75 81
 58 77 89
 58 83 88
 58 87 95
 59 63 81
 59 66 68
 59 67 84
 59 70 86
 59 71 76
 59 75 82
 59 87 94
 59 88 90
 60 61 79
 60 64 66
 60 70 93
 60 71 88
 60 74 83
 60 77 92
 60 78 80
 60 86 90
 61 62 75
 61 63 83
 61 66 67
 61 69 89
 61 72 81
 61 73 78
 61 85 93
 62 69 91
 62 77 87
 63 64 86
 63 65 80
 63 67 93
 63 69 72
 63 76 79
 64 74 80
 64 78 92
 65 69 86
 65 72 87
 65 76 94
 65 90 91
 66 70 87
 66 72 78
 66 73 75
 66 82 88
 66 85 92
 67 68 75
 68 69 76
 68 72 88
 68 77 95
 68 81 92
 68 82 90
 69 70 83
 70 71 89
 70 75 92
 70 79 91
 70 82 85
 71 81 87
 71 86 91
 72 75 76
 72 77 94
 72 84 85
 72 86 93
 73 74 89
 73 80 94
 73 84 87
 74 76 77
 75 89 91
 76 88 91
 76 89 90
 77 78 91
 78 79 94
 78 85 88
 82 86 92
 84 90 94
 85 86 89
 87 92 93
 88 93 94