  1  2 57
  1  3 32
  1  4 23
  1  5 21
  1  6 33
  1  7 62
  1  8  9
  1 10 18
  1 11 50
  1 12 58
  1 13 74
  1 14 15
  1 16 17
  1 19 89
  1 20 93
  1 22 49
  1 24 88
  1 25 26
  1 27 83
  1 28 85
  1 29 71
  1 30 51
  1 31 70
  1 34 65
  1 35 69
  1 36 95
  1 37 90
  1 38 82
  1 39 94
  1 40 41
  1 42 47
  1 43 91
  1 44 45
  1 46 64
  1 48 78
  1 52 60
  1 53 76
  1 54 56
  1 55 80
  1 59 63
  1 61 75
  1 66 99
  1 67 92
  1 68 77
  1 72 84
  1 73 86
  1 79 97
  1 81 96
  1 87 98
  2  3 28
  2  4 11
  2  5 96
  2  6  8
  2  7 59
  2  9 13
  2 10 74
  2 12 21
  2 14 47
  2 15 29
  2 16 91
  2 17 88
  2 18 46
  2 19 76
  2 20 54
  2 22 98
  2 23 63
  2 24 82
  2 25 27
  2 26 78
  2 30 84
  2 31 40
  2 32 53
  2 33 41
  2 34 89
  2 35 52
  2 36 80
  2 37 65
  2 38 44
  2 39 85
  2 42 45
  2 43 61
  2 48 95
  2 49 92
  2 50 62
  2 51 71
  2 55 93
  2 56 67
  2 58 70
  2 60 83
  2 64 75
  2 66 79
  2 68 97
  2 69 86
  2 72 77
  2 73 99
  2 81 87
  2 90 94
  3  4 47
  3  5 33
  3  6  9
  3  7 53
  3  8 87
  3 10 27
  3 11 18
  3 12 22
  3 13 85
  3 14 30
  3 15 73
  3 16 96
  3 17 68
  3 19 48
  3 20 23
  3 21 41
  3 24 94
  3 25 51
  3 26 31
  3 29 42
  3 34 72
  3 35 70
  3 36 88
  3 37 79
  3 38 65
  3 39 75
  3 40 43
  3 44 60
  3 45 46
  3 49 91
  3 50 57
  3 52 90
  3 54 99
  3 55 56
  3 58 83
  3 59 98
  3 61 78
  3 62 84
  3 63 64
  3 66 92
  3 67 69
  3 71 82
  3 74 93
  3 76 81
  3 77 80
  3 86 97
  3 89 95
  4  5 70
  4  6 45
  4  7 32
  4  8 96
  4  9 17
  4 10 20
  4 12 13
  4 14 97
  4 15 21
  4 16 72
  4 18 24
  4 19 34
  4 22 79
  4 25 76
  4 26 41
  4 27 91
  4 28 60
  4 29 66
  4 30 42
  4 31 93
  4 33 48
  4 35 61
  4 36 50
  4 37 75
  4 38 78
  4 39 65
  4 40 51
  4 43 74
  4 44 52
  4 46 55
  4 49 53
  4 54 98
  4 56 69
  4 57 95
  4 58 81
  4 59 85
  4 62 71
  4 63 83
  4 64 86
  4 67 80
  4 68 82
  4 73 88
  4 77 89
  4 84 99
  4 87 90
  4 92 94
  5  6 16
  5  7 95
  5  8 56
  5  9 32
  5 10 49
  5 11 12
  5 13 38
  5 14 44
  5 15 52
  5 17 81
  5 18 50
  5 19 22
  5 20 42
  5 23 53
  5 24 29
  5 25 66
  5 26 54
  5 27 37
  5 28 88
  5 30 90
  5 31 69
  5 34 77
  5 35 60
  5 36 47
  5 39 78
  5 40 61
  5 41 71
  5 43 72
  5 45 85
  5 46 91
  5 48 93
  5 51 80
  5 55 82
  5 57 92
  5 58 98
  5 59 76
  5 62 65
  5 63 73
  5 64 94
  5 67 74
  5 68 86
  5 75 87
  5 79 89
  5 83 84
  5 97 99
  6  7 14
  6 10 17
  6 11 55
  6 12 84
  6 13 61
  6 15 47
  6 18 52
  6 19 31
  6 20 91
  6 21 59
  6 22 77
  6 23 81
  6 24 30
  6 25 73
  6 26 44
  6 27 71
  6 28 34
  6 29 57
  6 32 41
  6 35 37
  6 36 75
  6 38 93
  6 39 76
  6 40 98
  6 42 64
  6 43 66
  6 46 78
  6 48 72
  6 49 95
  6 50 99
  6 51 82
  6 53 58
  6 54 63
  6 56 68
  6 60 70
  6 62 88
  6 65 74
  6 67 89
  6 69 87
  6 79 85
  6 80 92
  6 83 90
  6 86 94
  6 96 97
  7  8 21
  7  9 54
  7 10 65
  7 11 82
  7 12 36
  7 13 79
  7 15 63
  7 16 22
  7 17 48
  7 18 55
  7 19 20
  7 23 69
  7 24 43
  7 25 31
  7 26 87
  7 27 28
  7 29 76
  7 30 73
  7 33 35
  7 34 52
  7 37 67
  7 38 41
  7 39 64
  7 40 47
  7 42 71
  7 44 83
  7 45 60
  7 46 84
  7 49 94
  7 50 96
  7 51 74
  7 56 80
  7 57 99
  7 58 61
  7 66 86
  7 68 88
  7 70 93
  7 72 81
  7 75 91
  7 77 78
  7 85 98
  7 89 92
  7 90 97
  8 10 99
  8 11 20
  8 12 93
  8 13 57
  8 14 84
  8 15 64
  8 16 71
  8 17 89
  8 18 94
  8 19 88
  8 22 39
  8 23 31
  8 24 52
  8 25 49
  8 26 32
  8 27 68
  8 28 62
  8 29 91
  8 30 33
  8 34 36
  8 35 78
  8 37 45
  8 38 50
  8 40 63
  8 41 72
  8 42 77
  8 43 81
  8 44 80
  8 46 79
  8 47 69
  8 48 73
  8 51 70
  8 53 82
  8 54 67
  8 55 85
  8 58 65
  8 59 97
  8 60 95
  8 61 66
  8 74 90
  8 75 83
  8 76 86
  8 92 98
  9 10 53
  9 11 16
  9 12 51
  9 14 50
  9 15 72
  9 18 79
  9 19 59
  9 20 47
  9 21 57
  9 22 35
  9 23 28
  9 24 93
  9 25 42
  9 26 65
  9 27 86
  9 29 68
  9 30 94
  9 31 84
  9 33 40
  9 34 49
  9 36 69
  9 37 60
  9 38 73
  9 39 90
  9 41 58
  9 43 46
  9 44 75
  9 45 66
  9 48 97
  9 52 92
  9 55 99
  9 56 64
  9 61 87
  9 62 95
  9 63 85
  9 67 77
  9 70 78
  9 71 76
  9 74 91
  9 80 82
  9 81 88
  9 83 96
  9 89 98
 10 11 28
 10 12 33
 10 13 55
 10 14 89
 10 15 51
 10 16 52
 10 19 43
 10 21 96
 10 22 50
 10 23 29
 10 24 72
 10 25 78
 10 26 77
 10 30 98
 10 31 44
 10 32 81
 10 34 38
 10 35 41
 10 36 67
 10 37 66
 10 39 57
 10 40 64
 10 42 80
 10 45 47
 10 46 88
 10 48 76
 10 54 82
 10 56 63
 10 58 87
 10 59 83
 10 60 68
 10 61 73
 10 62 85
 10 69 90
 10 70 86
 10 71 95
 10 75 93
 10 79 91
 10 84 94
 10 92 97
 11 13 67
 11 14 99
 11 15 81
 11 17 26
 11 19 79
 11 21 91
 11 22 76
 11 23 48
 11 24 90
 11 25 96
 11 27 32
 11 29 83
 11 30 35
 11 31 86
 11 33 37
 11 34 41
 11 36 38
 11 39 42
 11 40 65
 11 43 88
 11 44 93
 11 45 74
 11 46 89
 11 47 73
 11 49 87
 11 51 75
 11 52 63
 11 53 59
 11 54 80
 11 56 60
 11 57 70
 11 58 77
 11 61 94
 11 62 68
 11 64 66
 11 69 98
 11 71 78
 11 72 92
 11 84 97
 11 85 95
 12 14 73
 12 15 74
 12 16 28
 12 17 90
 12 18 30
 12 19 96
 12 20 41
 12 23 40
 12 24 98
 12 25 97
 12 26 43
 12 27 50
 12 29 55
 12 31 62
 12 32 70
 12 34 46
 12 35 47
 12 37 95
 12 38 42
 12 39 92
 12 44 59
 12 45 52
 12 48 60
 12 49 61
 12 53 57
 12 54 81
 12 56 65
 12 63 66
 12 64 89
 12 67 82
 12 68 85
 12 69 75
 12 71 87
 12 72 76
 12 77 79
 12 78 94
 12 80 99
 12 83 91
 12 86 88
 13 14 29
 13 15 32
 13 16 81
 13 17 45
 13 18 31
 13 19 51
 13 20 62
 13 21 24
 13 22 91
 13 23 89
 13 25 77
 13 26 42
 13 27 90
 13 28 78
 13 30 66
 13 33 72
 13 34 54
 13 35 43
 13 36 93
 13 37 48
 13 39 52
 13 40 83
 13 41 86
 13 44 99
 13 46 95
 13 47 53
 13 49 60
 13 50 87
 13 56 71
 13 58 73
 13 59 82
 13 63 96
 13 64 80
 13 65 84
 13 68 70
 13 69 97
 13 75 76
 13 88 92
 13 94 98
 14 16 93
 14 17 31
 14 18 40
 14 19 52
 14 20 70
 14 21 27
 14 22 59
 14 23 43
 14 24 91
 14 25 53
 14 26 55
 14 28 36
 14 32 78
 14 33 61
 14 34 66
 14 35 54
 14 37 42
 14 38 76
 14 39 41
 14 45 75
 14 46 60
 14 48 56
 14 49 63
 14 51 94
 14 57 87
 14 58 74
 14 62 98
 14 64 90
 14 65 68
 14 67 81
 14 69 88
 14 71 72
 14 77 85
 14 79 80
 14 82 92
 14 83 95
 14 86 96
 15 16 78
 15 17 30
 15 18 98
 15 19 28
 15 20 27
 15 22 25
 15 23 50
 15 24 59
 15 26 80
 15 31 76
 15 33 46
 15 34 67
 15 35 86
 15 36 48
 15 37 83
 15 38 92
 15 39 62
 15 40 70
 15 41 42
 15 43 77
 15 44 65
 15 45 68
 15 49 69
 15 53 55
 15 54 60
 15 56 87
 15 57 85
 15 58 94
 15 61 97
 15 66 75
 15 71 79
 15 82 95
 15 84 89
 15 88 96
 15 90 99
 15 91 93
 16 18 34
 16 19 73
 16 20 87
 16 21 61
 16 23 99
 16 24 51
 16 25 89
 16 26 76
 16 27 98
 16 29 50
 16 30 79
 16 31 35
 16 32 60
 16 33 49
 16 36 97
 16 37 57
 16 38 45
 16 39 63
 16 40 94
 16 41 92
 16 42 67
 16 43 83
 16 44 69
 16 46 59
 16 47 64
 16 48 75
 16 53 65
 16 54 68
 16 55 70
 16 56 62
 16 58 66
 16 74 85
 16 77 86
 16 80 95
 16 82 88
 16 84 90
 17 18 57
 17 19 32
 17 20 34
 17 21 36
 17 22 78
 17 23 24
 17 25 99
 17 27 74
 17 28 33
 17 29 95
 17 35 50
 17 37 62
 17 38 39
 17 40 75
 17 41 56
 17 42 59
 17 43 58
 17 44 61
 17 46 71
 17 47 49
 17 51 72
 17 52 70
 17 53 63
 17 54 97
 17 55 69
 17 60 73
 17 64 77
 17 65 85
 17 66 84
 17 67 94
 17 76 93
 17 79 92
 17 80 83
 17 82 87
 17 86 98
 17 91 96
 18 19 99
 18 20 72
 18 21 92
 18 22 28
 18 23 68
 18 25 38
 18 26 93
 18 27 66
 18 29 48
 18 32 77
 18 33 76
 18 35 53
 18 36 81
 18 37 88
 18 39 56
 18 41 59
 18 42 85
 18 43 87
 18 44 97
 18 45 90
 18 47 62
 18 49 54
 18 51 83
 18 58 67
 18 60 78
 18 61 89
 18 63 74
 18 64 82
 18 65 91
 18 69 80
 18 70 96
 18 71 86
 18 73 84
 18 75 95
 19 21 38
 19 23 93
 19 24 41
 19 25 40
 19 26 47
 19 27 33
 19 29 58
 19 30 74
 19 35 90
 19 36 55
 19 37 98
 19 39 68
 19 42 60
 19 44 63
 19 45 62
 19 46 92
 19 49 72
 19 50 77
 19 53 95
 19 54 85
 19 56 84
 19 57 61
 19 64 78
 19 65 87
 19 66 82
 19 67 83
 19 69 70
 19 71 91
 19 75 86
 19 80 97
 19 81 94
 20 21 44
 20 22 95
 20 24 60
 20 25 85
 20 26 75
 20 28 89
 20 29 38
 20 30 63
 20 31 66
 20 32 52
 20 33 57
 20 35 55
 20 36 56
 20 37 61
 20 39 81
 20 40 59
 20 43 80
 20 45 51
 20 46 67
 20 48 58
 20 49 79
 20 50 71
 20 53 68
 20 64 96
 20 65 94
 20 69 73
 20 74 78
 20 76 90
 20 77 88
 20 82 97
 20 83 98
 20 84 86
 20 92 99
 21 22 47
 21 23 94
 21 25 32
 21 26 68
 21 28 97
 21 29 37
 21 30 99
 21 31 33
 21 34 60
 21 35 40
 21 39 67
 21 42 89
 21 43 62
 21 45 88
 21 46 70
 21 48 90
 21 49 75
 21 50 80
 21 51 76
 21 52 55
 21 53 64
 21 54 58
 21 56 72
 21 63 93
 21 65 82
 21 66 87
 21 69 71
 21 73 95
 21 74 98
 21 77 81
 21 78 83
 21 79 86
 21 84 85
 22 23 85
 22 24 33
 22 26 46
 22 27 64
 22 29 56
 22 30 96
 22 31 71
 22 32 54
 22 34 92
 22 36 42
 22 37 55
 22 38 74
 22 40 62
 22 41 87
 22 43 53
 22 44 58
 22 45 72
 22 48 52
 22 51 97
 22 57 86
 22 60 80
 22 61 84
 22 63 69
 22 65 83
 22 66 94
 22 67 88
 22 68 90
 22 70 75
 22 73 81
 22 82 93
 22 89 99
 23 25 30
 23 26 79
 23 27 41
 23 32 75
 23 33 73
 23 34 96
 23 35 77
 23 36 87
 23 37 49
 23 38 91
 23 39 60
 23 42 52
 23 44 82
 23 45 65
 23 46 98
 23 47 56
 23 51 66
 23 54 57
 23 55 62
 23 58 90
 23 59 70
 23 61 71
 23 64 67
 23 72 78
 23 74 86
 23 76 97
 23 80 84
 23 83 88
 23 92 95
 24 25 58
 24 26 99
 24 27 84
 24 28 86
 24 31 81
 24 32 56
 24 34 61
 24 35 39
 24 36 65
 24 37 64
 24 38 62
 24 40 49
 24 42 63
 24 44 79
 24 45 55
 24 46 54
 24 47 83
 24 48 53
 24 50 70
 24 57 96
 24 66 76
 24 67 97
 24 68 95
 24 69 89
 24 71 85
 24 73 80
 24 74 92
 24 75 78
 24 77 87
 25 28 98
 25 29 41
 25 33 56
 25 34 59
 25 35 91
 25 36 72
 25 37 68
 25 39 48
 25 43 63
 25 44 87
 25 45 80
 25 46 75
 25 47 54
 25 50 74
 25 52 86
 25 55 61
 25 57 82
 25 60 71
 25 62 83
 25 64 92
 25 65 88
 25 67 90
 25 69 95
 25 70 94
 25 79 84
 25 81 93
 26 27 82
 26 28 51
 26 29 88
 26 30 83
 26 33 95
 26 34 90
 26 35 71
 26 36 57
 26 37 97
 26 38 85
 26 39 61
 26 40 66
 26 45 86
 26 48 94
 26 49 98
 26 50 91
 26 52 56
 26 53 89
 26 58 64
 26 59 69
 26 60 72
 26 62 63
 26 67 73
 26 70 92
 26 74 96
 26 81 84
 27 29 61
 27 30 75
 27 31 67
 27 34 57
 27 35 87
 27 36 43
 27 38 80
 27 39 77
 27 40 93
 27 42 62
 27 44 92
 27 45 63
 27 46 76
 27 47 78
 27 48 96
 27 49 73
 27 51 55
 27 52 89
 27 53 88
 27 54 70
 27 56 94
 27 58 60
 27 59 99
 27 65 95
 27 69 79
 27 72 97
 27 81 85
 28 29 39
 28 30 82
 28 31 80
 28 32 45
 28 35 64
 28 37 73
 28 38 61
 28 40 52
 28 41 53
 28 42 87
 28 43 70
 28 44 48
 28 46 56
 28 47 66
 28 49 76
 28 50 68
 28 54 94
 28 55 96
 28 57 83
 28 58 84
 28 59 75
 28 63 81
 28 65 67
 28 69 93
 28 71 74
 28 72 95
 28 77 92
 28 79 99
 28 90 91
 29 30 64
 29 31 90
 29 32 69
 29 33 93
 29 34 47
 29 35 84
 29 36 78
 29 40 80
 29 43 54
 29 44 98
 29 45 97
 29 46 96
 29 49 85
 29 51 79
 29 52 67
 29 53 73
 29 59 72
 29 60 99
 29 62 74
 29 63 87
 29 65 92
 29 70 89
 29 75 94
 29 77 82
 29 81 86
 30 31 97
 30 32 62
 30 34 53
 30 36 49
 30 37 76
 30 38 58
 30 39 87
 30 40 56
 30 41 68
 30 43 52
 30 44 86
 30 45 57
 30 46 50
 30 47 81
 30 48 88
 30 54 93
 30 55 78
 30 59 67
 30 60 61
 30 65 70
 30 69 91
 30 71 80
 30 72 89
 30 77 95
 30 85 92
 31 32 63
 31 34 58
 31 36 85
 31 37 39
 31 38 96
 31 41 82
 31 42 95
 31 43 64
 31 45 83
 31 46 49
 31 47 60
 31 48 74
 31 50 94
 31 51 52
 31 53 77
 31 54 75
 31 55 73
 31 56 78
 31 57 65
 31 59 88
 31 61 92
 31 68 79
 31 72 87
 31 89 91
 31 98 99
 32 33 91
 32 34 74
 32 35 80
 32 36 86
 32 37 85
 32 38 79
 32 39 51
 32 40 58
 32 42 73
 32 43 76
 32 44 90
 32 46 72
 32 47 92
 32 48 59
 32 49 89
 32 50 88
 32 55 87
 32 57 84
 32 61 82
 32 64 68
 32 65 97
 32 66 98
 32 67 95
 32 71 94
 32 83 93
 32 96 99
 33 34 97
 33 36 39
 33 38 83
 33 42 96
 33 43 79
 33 44 50
 33 45 58
 33 47 65
 33 51 54
 33 52 80
 33 53 71
 33 55 77
 33 59 92
 33 60 86
 33 62 67
 33 63 75
 33 64 74
 33 66 69
 33 68 84
 33 70 88
 33 78 82
 33 81 98
 33 85 90
 33 87 89
 33 94 99
 34 35 95
 34 37 70
 34 39 50
 34 40 45
 34 42 93
 34 43 75
 34 44 71
 34 48 69
 34 51 56
 34 55 79
 34 62 99
 34 63 88
 34 64 98
 34 68 78
 34 73 76
 34 80 91
 34 81 82
 34 83 94
 34 84 87
 34 85 86
 35 36 58
 35 38 51
 35 42 76
 35 44 49
 35 45 94
 35 46 85
 35 48 57
 35 56 75
 35 59 62
 35 63 82
 35 65 98
 35 66 97
 35 67 96
 35 68 89
 35 72 99
 35 73 83
 35 74 79
 35 81 92
 35 88 93
 36 37 92
 36 40 73
 36 41 84
 36 44 89
 36 45 91
 36 46 61
 36 51 63
 36 52 94
 36 53 90
 36 54 59
 36 60 66
 36 62 64
 36 68 96
 36 70 98
 36 71 99
 36 74 77
 36 76 79
 36 82 83
 37 38 87
 37 40 81
 37 41 54
 37 43 50
 37 44 72
 37 46 51
 37 47 80
 37 52 53
 37 56 93
 37 58 99
 37 59 86
 37 63 78
 37 69 96
 37 71 77
 37 74 94
 37 82 89
 37 84 91
 38 40 67
 38 43 90
 38 46 53
 38 47 84
 38 48 70
 38 49 57
 38 52 75
 38 54 77
 38 55 89
 38 56 86
 38 59 64
 38 60 94
 38 63 72
 38 66 88
 38 68 98
 38 69 99
 38 71 97
 38 81 95
 39 40 72
 39 43 99
 39 44 46
 39 45 71
 39 47 96
 39 49 74
 39 53 66
 39 54 73
 39 55 98
 39 58 69
 39 59 89
 39 70 97
 39 79 83
 39 80 93
 39 82 84
 39 86 95
 39 88 91
 40 42 99
 40 44 55
 40 46 48
 40 50 60
 40 53 96
 40 54 79
 40 57 76
 40 68 71
 40 69 82
 40 74 95
 40 77 84
 40 78 91
 40 85 89
 40 86 90
 40 87 92
 40 88 97
 41 43 47
 41 44 73
 41 45 61
 41 46 81
 41 48 67
 41 49 51
 41 50 97
 41 52 85
 41 55 63
 41 57 88
 41 60 91
 41 62 77
 41 64 65
 41 66 78
 41 69 83
 41 70 76
 41 74 99
 41 75 98
 41 79 90
 41 80 96
 41 89 94
 41 93 95
 42 43 49
 42 44 70
 42 46 83
 42 48 61
 42 50 55
 42 51 65
 42 53 69
 42 54 66
 42 56 58
 42 57 81
 42 68 91
 42 72 98
 42 74 88
 42 75 97
 42 78 90
 42 79 94
 42 82 86
 42 84 92
 43 44 68
 43 45 92
 43 48 85
 43 51 67
 43 55 94
 43 56 82
 43 57 89
 43 59 71
 43 60 69
 43 65 86
 43 73 98
 43 78 96
 43 84 93
 43 95 97
 44 47 74
 44 51 95
 44 53 85
 44 54 91
 44 56 76
 44 57 62
 44 64 81
 44 66 67
 44 77 94
 44 78 88
 44 84 96
 45 48 84
 45 49 96
 45 50 93
 45 53 87
 45 54 76
 45 56 59
 45 64 95
 45 67 98
 45 69 77
 45 70 81
 45 73 89
 45 78 99
 45 79 82
 46 47 90
 46 52 93
 46 57 66
 46 58 82
 46 62 69
 46 63 77
 46 65 99
 46 68 80
 46 73 94
 46 74 97
 46 86 87
 47 48 71
 47 50 85
 47 51 61
 47 52 95
 47 55 86
 47 57 91
 47 58 88
 47 59 79
 47 63 89
 47 67 87
 47 68 94
 47 70 72
 47 75 82
 47 76 99
 47 77 98
 47 93 97
 48 49 65
 48 50 64
 48 51 87
 48 54 55
 48 62 79
 48 63 92
 48 66 68
 48 77 83
 48 80 89
 48 81 91
 48 82 98
 48 86 99
 49 50 78
 49 52 97
 49 55 58
 49 56 70
 49 59 84
 49 62 82
 49 64 93
 49 66 90
 49 67 86
 49 68 83
 49 71 88
 49 77 99
 49 80 81
 50 51 73
 50 52 54
 50 53 92
 50 56 83
 50 58 63
 50 59 66
 50 61 67
 50 65 90
 50 69 72
 50 75 81
 50 76 82
 50 79 98
 50 84 95
 50 86 89
 51 53 98
 51 57 78
 51 58 86
 51 59 77
 51 60 93
 51 62 92
 51 64 84
 51 68 69
 51 81 99
 51 85 91
 51 88 90
 51 89 96
 52 57 72
 52 58 68
 52 59 74
 52 61 79
 52 62 91
 52 64 71
 52 65 76
 52 66 77
 52 69 84
 52 73 78
 52 81 83
 52 82 96
 52 87 99
 52 88 98
 53 54 84
 53 56 74
 53 60 67
 53 61 70
 53 62 97
 53 72 80
 53 75 99
 53 78 81
 53 79 93
 53 83 86
 53 91 94
 54 61 95
 54 62 86
 54 64 72
 54 65 71
 54 69 78
 54 74 83
 54 87 96
 54 88 89
 54 90 92
 55 57 75
 55 59 68
 55 60 64
 55 65 66
 55 67 71
 55 72 90
 55 74 76
 55 81 97
 55 83 92
 55 84 88
 55 91 95
 56 57 77
 56 61 85
 56 66 96
 56 73 92
 56 79 81
 56 88 95
 56 89 97
 56 90 98
 56 91 99
 57 58 80
 57 59 90
 57 60 79
 57 63 67
 57 64 69
 57 68 74
 57 71 73
 57 93 94
 57 97 98
 58 59 95
 58 62 93
 58 71 92
 58 72 96
 58 75 79
 58 76 89
 58 78 85
 58 91 97
 59 60 81
 59 61 96
 59 65 78
 59 73 91
 59 80 94
 59 87 93
 60 62 76
 60 63 90
 60 65 89
 60 74 82
 60 75 88
 60 77 97
 60 84 98
 60 85 87
 60 92 96
 61 62 90
 61 63 86
 61 64 76
 61 65 72
 61 68 81
 61 69 74
 61 77 91
 61 80 88
 61 83 99
 61 93 98
 62 66 81
 62 70 87
 62 72 73
 62 75 80
 62 78 89
 62 94 96
 63 65 80
 63 68 76
 63 70 79
 63 71 84
 63 91 98
 63 94 97
 63 95 99
 64 70 85
 64 73 79
 64 83 97
 64 87 91
 64 88 99
 65 69 81
 65 73 75
 65 77 93
 65 79 96
 66 70 95
 66 71 93
 66 72 91
 66 73 74
 66 80 85
 66 83 89
 67 68 72
 67 70 99
 67 75 84
 67 76 91
 67 78 79
 67 85 93
 68 73 87
 68 75 92
 68 93 99
 69 76 92
 69 85 94
 70 71 83
 70 73 77
 70 74 84
 70 80 90
 70 82 91
 71 75 89
 71 81 90
 71 96 98
 72 74 75
 72 79 88
 72 82 94
 72 83 85
 72 86 93
 73 82 90
 73 85 97
 73 93 96
 74 80 87
 74 81 89
 75 77 90
 75 85 96
 76 77 96
 76 78 84
 76 80 98
 76 83 87
 76 85 88
 76 94 95
 78 80 86
 78 87 97
 78 92 93
 78 95 98
 79 87 95
 82 85 99
 86 91 92
 87 88 94
 89 90 93
 90 95 96